3.036634379468667877e-01
3.964854517622665719e-01
1.765682679639839214e-01
-8.049156217737980512e-01
-2.310773454415118611e+00
-1.164202918328928638e+00
-6.137120486853329254e-02
5.914526180170331937e-01
4.536771501675181395e-01
-9.513201060162690403e-01
-8.925169106536138264e-01
-6.520401386243265263e-01
1.211206685080697509e+00
6.335389163363996934e-01
-4.741492155838218370e-01
2.514307365146991602e-01
-5.971037529225040053e-02
2.865962316679223854e+00
-1.040640475186809688e+00
-1.024258682839654488e+00
-9.454087750444644112e-01
-1.352228343009004297e+00
2.736028377967819059e-01
7.147580257989527563e-01
9.185196207484507269e-01
-7.956926055112280016e-01
6.874061681270355884e-01
8.087993530889835414e-01
6.472798243728952183e-01
2.078172278109147869e-02
-6.773902230454488249e-01
-1.442034766366765641e+00
3.093688468294960026e-01
1.183487511445784623e-01
7.368755644158916374e-01
-4.131219706269672609e-01
1.723013898402796507e+00
1.248172004063351215e-01
-1.254108116812467033e+00
2.267298775960841617e+00
-3.871247140590078906e-01
-6.207992128005986876e-01
-1.259648406454619174e+00
6.485183190983967449e-01
-5.519943540777547675e-01
3.876964556624829528e-01
1.541022080787027848e+00
5.296917878220105402e-01
-4.764885401780220159e-02
-1.558332629863050434e+00
-2.632284645187444649e+00
1.329455921151777353e+00
-1.001199865515491061e-01
-2.272871269920928139e+00
3.299179340770885815e-01
-1.490489281657890963e+00
3.551752877758465488e+00
-3.292125995471413824e-01
3.759519856069946098e-01
-1.416562140123793778e+00
9.168359852452732106e-01
8.095623557509951107e-01
8.258465982968479224e-01
-4.241748224228937270e-01
2.025813965261627381e+00
-2.573558478019761717e-02
8.255278982176579294e-01
2.254740256036854296e-01
-1.783344756673692355e-01
6.912879953690262980e-01
1.601184104269868513e-01
4.431887269011026698e-01
-1.535807960446412546e+00
1.540052816389639034e-01
-4.433580231802245475e-01
8.538599575108268835e-01
-6.656044770898391638e-01
4.160310938475124121e-01
1.606695809248414930e+00
1.106090928433690834e+00
8.426620402518467667e-01
1.194362628796139525e+00
-3.902017963678474088e-01
-3.438493163507673755e-01
9.926200670647593594e-01
-1.789521997237863538e+00
-1.746110595207442495e+00
-1.127700907510441830e+00
4.406649729164264784e-01
7.453345909156173787e-01
4.002517135578511076e-01
4.245872194901697538e-01
-9.506693390773890417e-02
-4.131109830973831998e-01
-1.409993644262539647e-01
-1.042226465830388138e+00
1.001601326635026101e+00
-2.429518192943760230e-02
1.019721252748608586e+00
-1.398233822966467477e+00
-2.198086070922197766e-01
-3.576805119208202877e-01
2.690849544448996045e-01
8.727127758160432291e-01
4.747778589782108982e-01
4.913747225832190146e-01
-8.796405687466382628e-02
-2.508049081230691035e-01
-2.844716502928527069e-01
-1.554936921956521001e+00
4.664992735306545679e-01
-1.589854238989481861e+00
-1.488941452672858656e-01
4.066950950922617047e-01
-3.285706321923263507e-01
-3.501903245886271998e-01
1.530070883413467309e+00
-6.822282316887957609e-01
8.195864237012568942e-01
-1.778567584909136745e-01
-3.947367098682629249e-01
-3.048773428380144868e-01
1.154737661679615224e+00
5.051746541994786011e-01
-1.778993354478619268e-02
-5.473059758057375879e-01
-1.047201483083688295e-01
5.184593587865238273e-02
1.576883929655239047e+00
4.675022917383139798e-01
6.225006590926839278e-01
1.066304771723205480e+00
1.742169156105235484e-01
-2.728743365864287340e-01
1.471145410861152969e-01
8.643360527219008382e-01
1.639876408427038301e+00
9.328974968526986267e-01
-3.181140633519006666e+00
1.534497997439247530e-01
6.823777765684352348e-01
6.648515312128036592e-02
-3.232072626996576936e+00
-6.250944391854859061e-01
-5.978537343077142685e-01
-2.398430108809361361e+00
-1.227443217193650904e+00
6.426000354808659720e-01
-1.935115054023099912e-01
5.667697438321273040e-01
-1.084980410165207743e-01
2.945329475109413342e-01
-6.641880982354195773e-01
5.494984259951518624e-01
-1.556479349041627547e+00
2.288330568270488530e-01
-6.251899188897491744e-01
-1.023297112933312658e-01
4.134568892329070766e-01
-1.858840623174861095e+00
6.104482265247569428e-01
3.251876610184586958e-01
-1.120926412398133065e+00
-3.202490855244576329e-01
-1.175168545790048619e-01
4.597645802716124330e-01
-2.816772134389083360e-01
-5.921957684637881858e-01
-2.753784087792421897e-01
-2.450836517447529117e-01
6.635604973415355767e-02
9.921333118545145879e-01
1.836175989611593229e+00
1.362776921869522706e+00
-4.165133677534638146e-01
-1.177871721109571723e+00
-8.005216680859433831e-01
5.751432699573575391e-01
3.321911730584994338e-01
-1.738020737507995905e+00
-1.714666895462892970e-01
-1.267573117247045023e-01
-5.311619794897911584e-01
-7.584166519826691655e-01
-6.969947933207362167e-01
-3.559922933780424459e-01
-9.238333646039889047e-01
6.809900422390374221e-03
1.638589109150516920e+00
5.178073402242653334e-01
2.397361422968188605e-01
-1.255468368588668615e-01
-2.749028250244779925e-01
6.358085725383910702e-01
8.266732990143900173e-01
-1.137168853761876264e+00
-1.887049000652574748e-01
-1.293238616261386809e-01
1.681269985139051959e-01
1.782424783019410430e+00
-6.115284267478114932e-01
-4.973422855143478927e-01
-4.176411513070896198e-01
-1.257152834370306005e+00
5.092248648066572958e-01
7.311578013889248329e-01
-6.404345893098457865e-02
2.299773541838202817e+00
1.824232655518119417e+00
6.343255627746757774e-01
1.093114389877981152e+00
9.990322644408600183e-01
-2.134617897018427912e-01
6.796620725155023690e-01
1.292620219877286813e-01
6.300237036580305094e-01
1.490330899877800042e-01
6.052186567874077300e-02
3.669872734991379559e-01
-7.011567227418271653e-01
3.673007737753935520e-01
9.021479368194620929e-02
2.073670706493214999e-01
-1.651773276236467192e+00
2.608021547162475695e-02
1.379416995644587640e+00
-4.379899861627268298e-01
8.667429468853678209e-02
-9.222787952370994358e-01
9.588654183219088578e-01
4.388472897380864546e-01
1.336112808960170151e+00
7.474696521986556874e-01
-1.933287394802923442e+00
-7.314347427859574369e-01
-6.004540352498952682e-01
-9.035252185777963019e-02
-1.220273191213957720e+00
2.323681393035478937e+00
1.830874212708029636e-01
9.836270140278232654e-01
1.211026010395275243e+00
-6.710831043885508995e-01
6.689399205771708878e-01
-6.627744255903048609e-01
1.308293424074867817e+00
-1.053310905648785933e+00
-3.117932718628111874e-02
8.035335052780830933e-01
-5.297224776916580335e-01
-1.959626188886913312e+00
-5.560860015111720317e-02
3.968557316198751961e-01
-2.216428164529262446e-01
6.043026408809031302e-01
-3.780841712430407092e-02
1.616661755230927588e-01
-1.017467369459080340e+00
-3.339908549716529285e-01
9.085158795962443579e-01
2.183116644149898089e-01
6.339230506058589620e-01
-1.073006227656449763e-01
-9.446267611639646011e-01
-2.525203454198337583e-01
-8.683945045404126706e-01
-2.778096498958358973e-01
-3.965233608132198717e-01
6.716582586659851639e-01
1.620033342769624518e-01
1.629529611959198210e+00
6.878321335319670382e-01
-1.282896685262190140e+00
5.127878003460095702e-01
1.894190397759799582e+00
1.519214088356096726e+00
-9.838316037912343548e-01
4.386839157667346001e-01
1.365572506711063783e+00
-3.249379227919373808e-02
-1.043526007656399912e+00
-8.965799048119725834e-01
4.167725751316532778e-01
-9.742280484070472424e-01
7.498680390075422864e-01
1.462186770719392959e+00
4.113361411102434695e-01
-2.242236168355033477e-01
-1.111217690455681639e+00
1.187112214299120838e+00
-6.522977422665691971e-02
-2.627346852114593734e-01
-2.605599610387678844e+00
5.138927856745711953e-01
-3.865956049738887845e-01
1.087255270414418717e+00
-9.316905479797035761e-02
8.047748225071807981e-01
-4.299728789327608158e-01
2.078382407745646088e+00
-3.894900233168473447e-01
-8.989901043485158949e-01
-9.466784762953811549e-01
-2.636741681266276061e+00
-3.969760679594691033e-01
-6.883957221304273788e-02
6.554551530179601737e-02
1.412909871466548228e+00
6.564329322891099272e-01
-1.811009034186856770e-01
-8.887436970856594787e-01
1.700543701569076083e+00
-2.711934132179662504e-01
2.645692508572825119e+00
-2.405227162028427956e-01
1.156382369876373550e+00
-6.614110003812995187e-01
5.273792598464185355e-01
-1.907207189652828858e-02
1.962842995040338545e+00
1.181112188699668719e+00
7.081027350855818581e-01
-2.862010591178544838e-01
1.395847092709748272e-01
-6.622097025201606479e-01
6.261945968159129405e-01
1.120726997567485173e+00
1.155064079199543237e+00
-1.117806664797397070e-01
1.234497728267148764e+00
8.814071706860655553e-01
-4.252261730326554190e-01
4.486033391028241279e-01
1.667151557220216407e-01
-2.839945890181161947e-01
-1.798350980826161349e-01
1.587626872764477115e+00
4.614596576331579936e-01
9.954158048216236176e-01
-3.897602811199419315e-01
9.094851588846221413e-02
4.831151795313337605e-01
3.227880175773718829e-02
-1.200277859494723771e-02
1.159876865976082083e+00
-1.397276427191602943e+00
-4.534015148305268750e-01
2.691000114709716784e-01
-8.594810619722165201e-01
5.141804020270587111e-02
9.938893841669931284e-01
-4.676475093966862562e-01
7.695313325500254820e-01
-2.286674767349905213e-01
-1.291836180252286859e+00
1.292724177092274607e+00
7.361134291294421095e-01
-5.049249185322086664e-01
-1.223514514960150346e-01
3.633411095090191556e-01
-2.161250950307448182e+00
8.885398744504133250e-02
1.233781854972881842e+00
3.388344505432255294e-01
2.300690603830277403e-01
1.094495094094163345e-01
-2.643360318169931875e-02
1.696099940105243009e+00
-2.528267881408349016e+00
-3.103539481094091251e-02
3.909216051525442603e-01
-8.249673534457634405e-01
2.867069350379005122e-01
3.522274394942216391e-01
1.357127043220488494e+00
-9.480506413410157984e-01
-8.533726873270669477e-02
-3.750274239639708740e-01
1.250867228799446285e-01
3.689322451671676051e-01
5.254687901448856779e-01
1.716988684250760233e+00
-4.123577378278790451e-01
-3.515763600776875553e-01
3.102752452094796887e-01
-1.231561205031463047e+00
-1.158386705065930777e-01
1.791532825446985555e+00
8.454689539306743384e-01
8.136523703403945873e-02
-2.925811945843501682e-01
-1.162789277962426704e+00
6.135154975227426200e-02
-2.745562862076504462e+00
1.868305606435296806e-01
-4.088371135885399132e-01
-2.285632168232535344e-01
-1.724364828426024010e+00
-6.958027828263426695e-01
7.736750040816174796e-03
-1.706606633601322809e+00
-9.489180867477046144e-01
-3.441514107865064620e-01
-1.162163435344444884e-01
-9.389311637193731297e-01
7.944823031475388708e-01
-4.894969822155387229e-02
-1.149550002726247744e+00
-7.352400254021891346e-01
1.011463291263514364e-01
-2.043867334752112463e-01
9.144274866119056489e-01
-1.057149991597473304e-01
1.251886457320194879e-01
2.593176256993413031e-01
1.113411338866311162e+00
-2.425910079792126806e-01
7.127600751623701658e-01
7.290761561334641039e-01
-3.827515508104644693e-01
4.568340603608469497e-01
6.806170656684210618e-01
1.110555068429971648e+00
-2.983296331189286277e-01
9.636062707047717835e-01
-1.246543709669046596e+00
-1.032286655806318176e+00
2.596403029484116942e+00
-1.426166936395381613e-01
-3.660493848515429249e-01
-1.138446211705200772e-01
-4.948927013304930678e-01
6.604866636179982375e-01
-1.855183913688542574e-01
-5.787626596205418528e-01
6.325852304392052261e-01
