3.075019604839837051e-01
9.858512807751389495e-01
3.352088240481164716e-01
-7.769787251580416720e-01
-2.033598175308332312e+00
-1.789787688331619719e+00
1.749480583101155687e-02
3.753064385236616896e-01
3.641477003722154437e-01
-1.158403720481488319e+00
-1.739782991192575068e+00
-2.126902608907759173e-01
1.031510779534746014e+00
9.219464137410895987e-02
-7.723337740169854415e-01
8.004823738325465843e-02
-2.827182347437866006e-01
3.748070131738608257e+00
-4.615922609473884775e-01
-8.138203853224432738e-01
-7.430810287972489103e-01
-1.114133224692229529e+00
4.367863859609629196e-01
9.565808559738900874e-01
5.721520898176605252e-01
-5.451720129856844066e-01
8.501069651292597618e-01
1.103933844097943595e+00
5.718221336985638281e-01
-2.206406057611416116e-01
-5.542933683847061088e-01
-1.127540505427141460e+00
-2.351754155769589585e-02
-1.307966084165233245e-01
2.921705590353876336e-01
-4.768197116507835176e-01
1.952121386784154922e+00
2.877124300173947713e-01
-8.651795450571718726e-01
2.205159308841795340e+00
-2.762018506545160235e-01
-5.337720220383561642e-01
-1.200164243827974930e+00
2.107878351498603531e-01
-1.449770821564276002e-01
3.537306813373322645e-01
1.107824082730064053e+00
1.615474325405939771e-01
-1.325895961937420542e-01
-5.480189258874951230e-01
-2.408127333839225059e+00
1.617867955474551200e+00
4.641369676628840507e-02
-2.055343005397554990e+00
4.233254592011959638e-01
-7.844785559248506068e-01
3.909491618987635420e+00
-4.263426821346893436e-01
-1.840319820147931495e-01
-1.622399409468852083e+00
8.738116889260590936e-01
1.436969270531041731e+00
1.001229351146308622e+00
-7.688468122803651106e-01
2.332771661915118422e+00
1.972205939431159738e-02
5.704488406409485846e-01
3.831686732151383112e-01
-1.099050791559792017e+00
5.954048826371801661e-01
-3.418267559819544998e-01
-5.024978084083865371e-01
-1.665958217192476276e+00
-3.866092767231334160e-02
-4.913403144618468388e-01
9.274996560620656361e-01
-1.118980021834086402e+00
4.193764366841656321e-01
1.780856332533186537e+00
7.747406917331788323e-01
7.073701800629641490e-01
1.126884435875838530e+00
-4.107877970813664237e-01
-3.585733133241119641e-01
8.532444405882160243e-01
-1.313087079515369293e+00
-1.236388320619864700e+00
-1.198431615759937952e+00
-5.709569601990256427e-01
5.617626432323121755e-01
6.129070994365144465e-01
3.307302841671054816e-01
-4.017464194335690353e-01
-1.268534337359914055e+00
1.909218966598918987e-01
-1.771771434232350284e+00
9.765161267162463243e-01
-4.979937473410075421e-01
9.226266897963587565e-01
-1.068472691061331359e+00
-3.459099658839163705e-01
-3.032153871581704241e-01
3.773096064386108894e-01
7.470319930018518573e-01
5.074126082199214016e-01
-1.611277356369799491e-02
-6.510033652917441849e-01
-6.391587533477934846e-01
-4.104804370470677699e-01
-1.677860838856300330e+00
4.888160984454729685e-01
-1.240319821868173689e+00
-7.348581118880639362e-01
-4.930601640646120956e-03
-8.428943386854065301e-01
-2.496624399986963061e-01
1.745339643338326141e+00
-5.637987420352148504e-01
-7.552128070983182839e-01
9.505799386349879365e-02
-4.435826124257116199e-01
-2.983125244520600794e-01
5.711051828170959910e-01
3.698129773866527525e-01
1.700712423989372002e-01
-5.734843830318643310e-01
-4.048181201706280152e-01
-1.315967078351237551e-01
6.521991808582014993e-01
1.023460111878922961e-02
5.999558405555265317e-01
1.027311823026398008e+00
2.790785961670605997e-01
-1.070159495224782820e+00
-4.245283578162798999e-01
6.649892533321745125e-01
1.471118757827253987e+00
3.400065607333048745e-01
-3.050703263538216969e+00
4.479994730614133419e-02
5.642773375878338271e-01
-1.763693394725693309e-01
-3.492969482714072260e+00
-6.030767304535997742e-01
-4.749269787027980971e-01
-2.114375691576912963e+00
-1.471785771724261727e+00
8.007308598784671494e-01
-2.206795973782937903e-01
5.932773422233450500e-01
-9.780199897491850813e-02
-3.262635054394650291e-01
-8.435030390748532447e-01
1.814263211228236972e-01
-1.223477738421904215e+00
3.042171494968909373e-01
-6.718893028116098565e-01
6.196380990094991700e-03
6.759468461669038142e-01
-2.143908023360157955e+00
-6.818352629635620055e-01
-4.870234770681445280e-01
-1.730878354547514153e+00
2.885955617277922158e-01
-4.963507573306819576e-01
9.885470153528913562e-02
-3.831502779599927910e-01
-6.084208508718845776e-01
-1.916705993655601903e-01
-9.211004004557078739e-02
-1.254508205380959196e-01
8.201367766899754219e-01
2.069681226524190620e+00
1.981947666802361008e+00
-3.566704904811520138e-01
-1.253590939587803987e+00
-1.161456719713289010e+00
5.941554710856837840e-01
-6.707275484160787338e-01
-1.221510863470568031e+00
1.748805367202093952e-01
-2.403573351096505509e-02
-7.505246291856362273e-01
-2.175297337926648811e-01
-3.592037511021411444e-01
-4.621624699029952543e-01
-7.737249042135120325e-01
6.792950693077189073e-02
1.197668080074682173e+00
3.648439481525873607e-01
-4.978012198912618036e-02
-6.002945716763294914e-01
-1.189309517459237880e-01
8.431671475556329343e-01
1.272054972251833727e+00
-8.729021581089017046e-01
-1.418431981861825175e-01
-1.457110644238054087e-01
-6.218359047854804533e-02
7.423347900191556992e-01
-2.504039483152669665e-01
2.516884328596575848e-01
-6.417581909497421799e-01
-1.248621128079684173e+00
5.051804401953595702e-01
6.564618308406545699e-01
1.758992370537534877e-01
2.283587287439842850e+00
1.295104919398051058e+00
-1.104086686547070956e-01
1.235323787089810832e+00
1.384226475186255412e+00
-1.597138725857216723e-01
1.247615618437050156e+00
-2.985020304069830877e-01
8.698071943659718697e-01
1.005535262121904083e-01
2.109703217035924783e-01
-1.714011325338069547e-01
-6.125005288154484751e-01
1.008611626742662581e-01
-7.916047639144468961e-02
3.220870319222234324e-01
-1.426819863928156629e+00
-5.196472462885370902e-01
4.417404405198603889e-01
5.959867634036745271e-02
2.226432681801503721e-01
-1.147442732026064949e+00
8.973237403520015754e-01
9.946804393899306984e-02
1.204367459741094049e+00
1.332033607848322476e-01
-1.857801433571544258e+00
-7.110253945476482373e-01
-2.952918420593880766e-01
-1.099375458025036861e-01
-9.127905936285101926e-03
1.884832122943063792e+00
-1.065229485431341272e-01
1.337179395642177138e+00
1.103418105281031236e+00
-5.439420945515897055e-01
1.077675677847840463e+00
-8.443563376631418871e-01
1.329616730718640172e+00
-1.038839522110414970e+00
-5.735988913418786916e-01
1.116736786643831358e+00
-4.273561988203407047e-01
-1.658996447591391199e+00
4.721525760288634160e-02
6.065235452810588956e-01
-2.152322975419781181e-01
2.237983338328397576e-01
-3.745978751242065585e-02
2.708665179899153452e-01
-1.635439437734224288e+00
-4.101942736602155470e-01
9.931177389693945923e-01
-2.165212720818032177e-01
7.730072246402561742e-01
-4.840074567526496119e-01
-8.688963439283480250e-01
-4.856654650205672469e-02
-2.823934033086211715e-01
-4.206024460221701733e-01
3.448453084988443162e-01
7.591866631120124387e-01
3.338101467629288610e-01
1.531198275507814621e+00
3.498780560109115978e-02
-3.038945212386862660e-01
5.191040627545836506e-01
1.959832394856926063e+00
9.336526502164239627e-01
-9.931441354831074264e-01
-2.245551652976701673e-02
7.154498322971021285e-01
2.154798590068409125e-01
-9.549133311142092850e-01
-5.881002670454527070e-01
4.572924018712940519e-01
-1.164502962075121495e+00
1.214289500719785808e+00
1.903569259896392030e+00
3.798758613746137103e-01
-4.364302916738471150e-01
-8.707028475329723349e-01
1.278537459120613562e+00
-3.572945155171277642e-01
-1.163506997175076663e-01
-2.745524655646120582e+00
1.406430261602524823e-01
-3.795497230814536826e-01
1.114171574222553085e+00
-1.066348050492961913e-01
7.630007145095355492e-01
-3.096794611169975120e-01
1.843070804744676439e+00
-7.213054359817487882e-01
-1.008515819611936148e+00
-1.001900587419162880e+00
-2.288832617867330832e+00
2.036469124409544945e-02
2.111984425740842317e-02
1.739782395394905701e-01
1.233731481453699264e+00
2.882241938435764483e-01
-2.475588763966728445e-01
-9.188396831296539169e-01
1.809438681903135393e+00
-1.088360743608004361e-01
4.008492820976122140e+00
-1.829617408548275814e-01
1.734918251258775079e+00
-3.356275770668947778e-01
3.848399700826040659e-01
-4.140789171821677717e-01
2.464149936638706517e+00
1.212670752260550877e+00
8.090981549257576511e-01
-3.539134401141038611e-01
3.924779997260414294e-02
-6.846369609966971304e-01
2.348420273015975335e-01
1.098668248819492321e+00
1.159850842968885187e+00
-2.067612545989747919e-01
4.357981699799177155e-01
4.402704229976943384e-02
-5.002285926656475645e-01
1.275228918755997753e+00
3.693240887987890853e-01
-3.839247572135113251e-01
-7.342233050363974889e-02
1.102079431152773292e+00
1.107822344909748624e+00
8.427841126098906122e-01
-9.155520975150375218e-01
1.150974909265401781e-02
6.890370410364357046e-01
-3.655672332507220457e-01
-2.130986880799424221e-01
7.347190598062528499e-01
-4.092730332300182905e-01
-1.747717817658497874e-01
8.114468762372373245e-01
-7.326831794465753500e-01
-7.970458772335504705e-01
1.144981417149665948e+00
-5.986472994834486361e-01
9.398345621084026602e-01
4.999420490031961095e-01
-1.290997537808229012e+00
1.547807075245506869e+00
7.374162855353968427e-01
-1.275121485927112608e-01
9.769932630699519616e-02
-3.220866106657259698e-01
-1.952856792499810368e+00
7.930356059637813648e-02
9.138147362633117776e-01
7.987449408590253930e-02
-2.405806173916104629e-01
1.296752080765914417e-01
-4.476222682413693588e-01
1.889467395610582301e+00
-2.189062029650278074e+00
-3.540250700801982342e-01
5.137690821848019812e-02
-7.906560533921445089e-01
1.911859523040228825e-01
4.131428220856226408e-01
6.889625342240303096e-01
-1.016371914595551873e+00
-3.084417186971150637e-01
-1.351223709619599478e-01
-2.301378777442528445e-01
3.989721011008546814e-01
8.028990431229162672e-01
1.136695830429165222e+00
-5.251496408305473818e-01
-4.626195816764901991e-01
6.347005455073764790e-02
-1.889286168360325036e+00
2.814478052337837100e-01
1.776718309054943212e+00
6.576624163353937957e-01
3.349103545791788372e-01
-6.364975504426808595e-01
-1.336770573272427098e+00
5.442982286728771379e-01
-2.409966126031763078e+00
2.715939337688916440e-03
5.108872052971073080e-02
-3.179193864606115194e-01
-9.316003296244385057e-02
-2.707313112475636663e-01
1.079221790159285571e-01
-1.771898514685090742e+00
-1.014437459576921219e+00
3.268936410912535173e-01
-4.805152746971908841e-03
-9.334610101190830012e-01
1.052984586798389355e+00
-3.631097223861338708e-01
-7.275502793480653763e-01
-6.626654478824818284e-01
-3.134212953923664613e-01
-5.498352001703317171e-01
4.972644817658838923e-01
-5.175934190710774763e-01
2.705219586368926565e-01
1.667200332556929010e-01
1.256453827826682357e+00
-3.464431288402085585e-01
6.779548994784065918e-01
1.114080327602076537e+00
-8.742999323952801438e-01
8.133846129290244198e-01
3.739675276593475983e-01
8.438751344667477783e-01
-3.657186169179624247e-01
3.906163836266953182e-01
-1.150970013479976517e+00
-1.314624661851443888e+00
1.896997907882282730e+00
-4.490758728245349829e-01
-4.256474086612881402e-01
-5.025757248235838137e-01
-6.281904203583875690e-01
8.369153402535215447e-01
-4.162199693354508012e-01
-2.586170239086123535e-01
3.971117635243624489e-01
